P1: 11 - CPU: 12
